   1.7576306e-01   2.2608721e-01   2.2878095e-01   1.6363290e-03   3.2000000e+01   1.0000000e+00   3.4598245e+00   2.6837727e-04   1.0510859e-05   1.5100601e-04
   2.2359030e-03   8.2903191e-01   7.3279400e-01   3.3397400e-03   5.6000000e+01   1.1000000e+01   3.8262516e+00   8.4755892e-05   1.0150267e-05   3.8348034e-05
   1.1078103e-02   5.2603832e-01   2.6613358e-01   8.2869500e-04   6.7000000e+01   3.1000000e+01   1.0289890e+01   5.0970310e-05   1.5772143e-06   6.6243002e-06
   1.5668600e-04   3.7087484e-01   2.9532138e-01   1.1970110e-03   8.5000000e+01   3.0000000e+01   4.2762281e+00   9.1836188e-05   4.6062735e-06   2.5857439e-05
   1.0159447e-02   4.1419584e-01   1.9492072e-01   1.6130000e-04   8.0000000e+01   3.4000000e+01   4.8773093e+01   4.5708671e-04   2.0100559e-06   7.3166035e-05
   1.1769600e-04   3.0939054e-01   2.5422027e-01   1.1582320e-03   8.0000000e+01   1.6000000e+01   1.1247863e+01   1.7130056e-04   2.1948820e-06   1.2181595e-04
   2.0754860e-03   3.9730115e-01   2.9614574e-01   2.1629770e-03   8.1000000e+01   3.5000000e+01   3.1436186e+00   5.0225090e-05   3.5761220e-06   1.2989591e-05
   2.7085338e-02   3.8861297e-01   7.8864080e-02   9.7678500e-04   5.6000000e+01   2.8000000e+01   7.5449195e-01   1.1598989e-06   2.6766899e-08   5.1749337e-07
   2.1335759e-02   6.7857397e-01   3.4718900e-01   4.5133740e-03   3.3000000e+01   1.1000000e+01   7.8493700e+01   4.0225084e-03   2.3454682e-04   1.8684822e-03
   5.7050397e-02   4.5220266e-01   2.8649747e-01   1.0449290e-03   2.0000000e+01   1.0000000e+00   1.1495639e+01   1.2558515e-03   3.7690620e-05   1.8091498e-04
   1.0282825e-01   1.8521044e-01   8.5318702e-02   4.3959760e-03   1.2000000e+01   1.0000000e+00   1.5843797e+01   9.6315885e-03   5.3148739e-04   5.1593166e-03
   7.0184491e-02   9.2378914e-01   2.2887620e-01   2.9058360e-03   2.2000000e+01   8.0000000e+00   6.5582677e+00   1.7350325e-03   6.5336896e-05   1.4395521e-03
   1.0640484e-01   9.9999957e-01   1.7811229e-01   7.1968000e-04   1.9000000e+01   7.0000000e+00   5.4443005e-01   2.6596429e-04   3.5088678e-06   2.2342420e-04
   9.4568400e-04   4.6790955e-01   3.7227193e-01   1.1650370e-03   8.3000000e+01   3.7000000e+01   5.6515387e+00   7.0597638e-05   1.5468774e-06   1.5815090e-05
   6.4807663e-02   2.5355817e-01   1.7605136e-02   1.4475000e-04   3.6000000e+01   1.0000000e+00   1.5456993e+00   3.3926522e-05   1.2775678e-06   1.4479102e-05
   3.3054760e-03   3.4188190e-01   2.3447204e-01   7.0600000e-05   8.0000000e+01   3.3000000e+01   7.0005404e+01   1.7645926e-03   4.8745652e-06   8.3476930e-04
   8.6600000e-05   3.2877700e-01   2.9065171e-01   7.4995800e-04   7.7000000e+01   1.6000000e+01   3.6812663e+01   1.4600469e-03   4.1446492e-05   1.1397785e-04
   7.7203510e-03   6.2091801e-01   3.4452874e-01   3.5852340e-03   8.1000000e+01   4.3000000e+01   3.0067522e+01   3.4700386e-04   2.4084394e-05   1.5420077e-04
   1.1791672e-02   4.6865420e-01   3.2727828e-01   1.8434200e-04   5.1000000e+01   1.5000000e+01   9.1300831e+01   1.3923313e-03   8.8730620e-06   2.1886886e-04
   1.4965906e-02   5.1509902e-02   2.6082665e-02   1.7186750e-03   6.1000000e+01   6.0000000e+00   6.1374861e+00   2.0599903e-04   8.7445656e-06   3.4834909e-05
   1.8268741e-02   2.5237005e-01   9.6433348e-02   9.2180800e-04   4.8000000e+01   1.0000000e+00   2.7539687e+00   5.4231998e-06   8.4737497e-08   2.7963374e-06
   5.1433679e-02   9.1346097e-01   2.3786659e-01   5.2085340e-03   3.8000000e+01   1.6000000e+01   6.8363562e+01   4.1674304e-03   6.5316650e-04   9.8249268e-04
   5.1790923e-02   8.8552930e-01   3.2818795e-01   5.7706500e-04   1.7000000e+01   1.0000000e+00   1.9546764e+01   4.9735271e-03   2.7676834e-05   4.5832837e-03
   2.1556411e-02   1.3604341e-01   8.6857053e-02   2.8413750e-03   3.2000000e+01   2.0000000e+00   1.4825053e+01   5.0802787e-04   1.9691003e-05   2.1508634e-04
   2.3695039e-02   4.7534185e-01   3.5178840e-01   1.3139500e-03   5.8000000e+01   1.5000000e+01   7.4862404e+00   3.2696113e-04   1.5959601e-05   7.9666325e-05
   1.4069919e-01   3.3269488e-01   1.9364690e-01   4.5773520e-03   1.8000000e+01   1.0000000e+00   4.4288335e-01   3.1395509e-05   2.0667890e-06   2.3423608e-05
   4.1208466e-02   4.4967397e-01   1.9937033e-01   3.4865530e-03   3.4000000e+01   3.0000000e+00   2.3829730e+01   1.5551977e-03   7.4588991e-05   1.0849777e-03
   6.3175068e-02   9.1237492e-01   1.4165647e-01   3.4991440e-03   3.5000000e+01   1.8000000e+01   2.4082662e+01   1.9303933e-03   7.6925114e-05   1.5198093e-03
   2.3387441e-01   5.3929641e-01   1.5613700e-02   3.3321300e-04   2.6000000e+01   1.0000000e+00   1.0207407e+00   1.2248889e-05   7.4235688e-07   7.7947472e-06
   4.8583210e-03   4.1430449e-01   3.6819873e-01   7.3411800e-04   6.8000000e+01   1.5000000e+01   2.7849325e+01   5.9745089e-04   2.6632007e-05   1.0848352e-04
   3.1487265e-02   4.7890826e-01   2.7405185e-01   2.2145730e-03   4.6000000e+01   1.6000000e+01   2.2086200e+01   1.3962514e-03   4.8176372e-05   8.9618412e-05
   4.6010719e-02   9.5980178e-01   2.5588415e-01   5.1988690e-03   3.5000000e+01   1.8000000e+01   2.2279814e+01   2.5209109e-03   3.5332598e-04   6.9182938e-04
   3.1668760e-03   3.8439743e-02   1.0824617e-02   9.5472200e-04   7.5000000e+01   1.7000000e+01   2.1201014e+00   7.5955023e-05   5.1610939e-06   9.4620054e-06
   1.1112999e-02   5.7982307e-01   4.1460901e-01   2.3220530e-03   3.6000000e+01   6.0000000e+00   1.8298073e+01   8.8871756e-04   3.6048674e-05   5.0721752e-04
   1.4806100e-03   4.4861438e-01   3.5140158e-01   1.8313810e-03   8.3000000e+01   3.4000000e+01   9.1357965e+00   1.1817771e-04   5.3437222e-06   2.5188995e-05
   3.5877491e-01   4.8847398e-02   3.0274110e-02   2.7789300e-04   3.1000000e+01   1.0000000e+00   1.1391640e+00   1.3967142e-04   1.1886929e-06   6.0623339e-05
   8.2936304e-02   1.7838547e-01   4.1059720e-02   6.8519600e-04   2.6000000e+01   1.0000000e+00   1.4279448e+00   1.3896422e-04   1.6127376e-06   4.5156653e-05
   1.2639448e-01   4.6781311e-01   4.8176369e-02   3.0744040e-03   2.5000000e+01   1.0000000e+00   1.2617480e+00   1.2679244e-04   5.1175795e-06   5.0734624e-05
   4.3597400e-03   4.0065067e-01   3.2523194e-01   5.7214500e-04   9.7000000e+01   2.8000000e+01   1.0293723e+01   1.6771156e-04   1.3503346e-06   4.3102680e-05
   4.8096618e-02   5.2004832e-01   1.5577974e-01   4.6532900e-04   3.8000000e+01   1.3000000e+01   7.6359724e+00   6.7477120e-06   5.3271411e-07   7.1028548e-07
   2.7879943e-01   9.9622949e-01   8.1737068e-02   8.6238200e-04   1.4000000e+01   4.0000000e+00   6.3141693e-01   2.0810651e-04   4.7573833e-06   1.7254217e-04
   6.5463421e-02   4.8549274e-01   9.2401987e-02   1.9237950e-03   3.7000000e+01   1.4000000e+01   3.1323863e+01   2.2386393e-03   2.7179604e-04   1.8577441e-05
   8.6300000e-05   3.0133891e-01   2.2854727e-01   1.0256850e-03   8.5000000e+01   3.8000000e+01   1.2977663e+01   7.5722465e-05   6.7719277e-06   8.1057923e-06
   6.6325350e-03   4.8290533e-01   3.4229350e-01   8.4008200e-04   4.6000000e+01   5.0000000e+00   8.6730659e+01   1.1062492e-03   2.0543161e-06   6.1526768e-04
   8.0100000e-05   1.2301998e-01   6.8532660e-02   1.6661760e-03   8.8000000e+01   1.4000000e+01   4.5786115e+00   1.1290248e-04   1.2389847e-06   6.7679537e-05
   6.9675408e-02   2.1968858e-01   2.0136685e-02   2.3801500e-04   4.8000000e+01   1.0000000e+01   5.6864246e+00   9.7093111e-05   5.4810627e-07   2.1062941e-05
   4.8459439e-02   4.5024057e-01   1.4323262e-01   3.6041280e-03   4.9000000e+01   1.7000000e+01   4.3435640e+01   1.3308588e-03   7.6058955e-05   5.1051814e-04
   6.4591480e-03   3.8168129e-01   2.9489856e-01   2.8294600e-04   7.3000000e+01   2.4000000e+01   5.5416015e+00   5.4934838e-05   5.2600683e-07   6.1805802e-06
   2.5887755e-02   3.6829254e-01   2.0276840e-01   2.0569900e-04   5.6000000e+01   1.6000000e+01   2.3244264e+01   1.0954722e-04   1.3808474e-06   2.4394970e-05
   2.0970227e-02   3.2138599e-01   7.7342371e-02   1.5737710e-03   6.6000000e+01   1.6000000e+01   5.2805662e+00   2.1849763e-06   2.7312203e-07   3.4140254e-07
   3.3558910e-03   3.9005930e-01   3.0812529e-01   7.2099000e-04   5.7000000e+01   6.0000000e+00   2.5746346e+00   6.9793379e-05   2.2800716e-06   3.5360433e-05
   1.1617917e-02   5.1585780e-01   2.5842793e-01   1.3900000e-06   7.3000000e+01   3.6000000e+01   2.4965222e+02   4.4363357e-03   3.5309899e-06   4.3890205e-04
   3.5275000e-04   2.7360379e-01   2.2103253e-01   4.2541800e-04   8.0000000e+01   1.6000000e+01   2.0308822e+00   4.6001516e-05   5.4439663e-07   2.0414874e-05
   1.5922930e-02   4.5273256e-01   1.3487635e-01   3.1008200e-04   7.1000000e+01   3.9000000e+01   7.1773980e+01   8.8897699e-04   5.7046652e-06   3.3015750e-04
   1.6742084e-02   9.9185992e-01   7.3618136e-01   3.0088740e-03   1.7000000e+01   2.0000000e+00   3.2882606e+00   5.0694530e-04   1.6472034e-05   3.1665642e-04
   4.3527170e-03   2.9557017e-01   2.0733096e-01   8.9343900e-04   8.2000000e+01   3.3000000e+01   1.0274700e+00   7.3039943e-06   2.6629146e-07   2.4536856e-06
   7.5030284e-02   5.6433601e-01   5.0788362e-01   6.2414500e-04   1.7000000e+01   1.0000000e+00   5.1952934e+00   4.4385450e-04   7.8419522e-06   1.8193329e-04
   3.9001143e-01   3.4813966e-02   3.9978354e-02   3.3791500e-04   2.8000000e+01   1.0000000e+00   6.8069750e-01   1.0516776e-04   3.5007300e-06   2.1879562e-05
   1.6371400e-01   1.8541232e-01   5.1462017e-02   1.4706480e-03   1.7000000e+01   1.0000000e+00   1.4353154e+00   4.9338966e-04   1.6147298e-05   2.0202064e-04
   1.5152207e-02   9.1868575e-02   3.1173775e-02   1.8350660e-03   5.5000000e+01   1.0000000e+00   1.3418064e+00   2.8557691e-05   3.2405890e-06   9.1141566e-06
   4.4260800e-03   3.4761687e-01   2.2087981e-01   7.7966600e-04   8.2000000e+01   3.5000000e+01   1.0088264e+01   9.0004326e-06   2.9509615e-07   2.6558654e-06
   4.0415042e-02   6.0138378e-01   6.4481172e-01   2.3836100e-03   1.4000000e+01   1.0000000e+00   2.8331365e+01   6.0348833e-03   1.4357247e-04   5.0379418e-03
   1.0212780e-03   3.5044578e-02   3.3785050e-03   2.9768600e-04   6.1000000e+01   1.0000000e+00   1.2374326e-01   1.6789486e-05   0.0000000e+00   7.5235904e-06
   3.5870143e-02   5.0309103e-01   2.9360867e-01   2.8257360e-03   4.7000000e+01   1.3000000e+01   1.4947494e+01   6.1880881e-04   3.5181900e-05   1.8438209e-04
   5.4820000e-04   1.3143450e-01   5.6318415e-02   5.1567000e-04   8.9000000e+01   4.0000000e+01   1.3272664e+00   4.7461360e-06   0.0000000e+00   3.0404934e-06
   1.5484765e-02   4.0497928e-01   2.1248063e-01   1.1535520e-03   5.5000000e+01   6.0000000e+00   4.7490141e+00   1.9324971e-06   1.6104143e-07   2.6840238e-07
   1.0133267e-01   6.3258961e-01   1.8562402e-01   6.7162900e-04   3.2000000e+01   7.0000000e+00   2.0025748e+00   1.8607329e-04   3.1299123e-06   1.2791952e-04
   1.5374419e-02   3.1895083e-01   2.4308026e-01   2.4003850e-03   4.9000000e+01   3.0000000e+00   1.7376274e+00   2.1568793e-05   1.2208751e-06   6.2061149e-06
   4.6708054e-02   3.6666463e-01   8.5408292e-02   7.2975100e-04   3.7000000e+01   1.0000000e+01   1.5056449e+01   1.7676839e-06   2.2096049e-07   1.3257629e-06
   2.9622419e-02   6.4783949e-01   2.9426312e-01   1.5101019e-02   5.7000000e+01   2.6000000e+01   8.6081318e+01   3.1575022e-03   1.8061201e-04   4.3595603e-04
   6.5082460e-03   5.9659162e-01   3.9741551e-01   4.6809400e-04   7.2000000e+01   2.8000000e+01   1.0509963e+01   4.3564350e-05   9.9971688e-07   9.1998486e-07
   7.6400190e-03   6.2490120e-01   3.9358225e-01   1.9687190e-03   7.1000000e+01   3.2000000e+01   8.0251112e+01   9.5938374e-04   2.6268474e-05   2.8233996e-04
   3.9494748e-02   4.2362323e-01   2.2348346e-01   7.3624700e-04   5.0000000e+01   1.1000000e+01   3.2809935e+00   1.1759781e-04   4.5788840e-06   2.4402436e-05
   5.0899500e-04   1.8261792e-01   1.5276770e-01   3.0043200e-04   6.9000000e+01   9.0000000e+00   5.4954489e-01   2.5027962e-06   0.0000000e+00   3.9517835e-07
   8.5094880e-03   5.1030509e-01   3.2640568e-01   1.7155920e-02   7.8000000e+01   3.6000000e+01   1.1684023e+01   1.3131045e-04   1.2298597e-05   8.9539115e-05
   4.1319720e-03   3.9378434e-01   2.4566736e-01   1.7660020e-03   8.6000000e+01   4.5000000e+01   7.7048610e+00   8.5316728e-05   1.5881617e-06   3.5400636e-05
   4.9111767e-02   3.8477128e-01   1.7678029e-01   3.4039900e-04   2.0000000e+01   1.0000000e+00   2.3221151e+00   3.0735538e-06   0.0000000e+00   0.0000000e+00
   8.1048748e-02   8.0344008e-01   8.0539182e-01   3.8700830e-03   2.9000000e+01   1.0000000e+00   3.8085041e+00   1.9860967e-06   4.5833001e-07   1.0694367e-06
   4.1644450e-02   7.2144364e-01   1.9151149e-01   1.1832600e-04   5.2000000e+01   2.2000000e+01   1.5957473e+01   1.9924002e-06   0.0000000e+00   5.5927024e-07
   1.5001297e-01   3.2788167e-02   5.0555232e-02   4.6848830e-03   1.0000000e+01   1.0000000e+00   4.9065419e-01   3.0415197e-05   1.3298605e-06   1.7288187e-05
   4.5354220e-03   3.8070025e-01   2.8431752e-01   9.5526500e-04   7.5000000e+01   3.1000000e+01   1.1670363e+00   7.6232711e-06   2.1894512e-07   1.2688865e-06
   1.1095334e-01   3.8447890e-01   6.7669351e-02   4.3988400e-04   2.3000000e+01   5.0000000e+00   1.5578556e+01   1.4246724e-03   3.8519822e-05   5.9836616e-06
   5.4599876e-02   4.9805942e-01   2.6545699e-01   8.5049100e-04   3.6000000e+01   1.0000000e+01   2.6270855e+01   2.3862114e-03   9.4747345e-05   1.4314347e-04
   1.9039966e-02   4.0088660e-01   1.0938717e-01   1.7870750e-03   6.5000000e+01   3.5000000e+01   1.7793395e+00   1.1179668e-04   3.4451371e-06   2.5240579e-05
   1.5434075e-02   4.7955729e-01   3.6812967e-01   2.3928180e-03   6.4000000e+01   2.0000000e+01   5.5270912e+01   1.9738557e-03   2.3936719e-04   9.7710815e-05
   8.6517262e-02   9.9629519e-01   1.4516310e-01   4.5796450e-03   2.5000000e+01   9.0000000e+00   1.7579459e+01   3.4294549e-03   1.9813799e-04   2.6356201e-03
   2.4742690e-03   3.2761582e-01   2.5385524e-01   2.0473640e-03   7.9000000e+01   2.6000000e+01   1.1249617e+01   5.8417433e-05   1.3945806e-06   1.6425061e-05
   8.9262831e-02   5.2199512e-01   5.8587592e-02   8.0451600e-04   3.4000000e+01   1.0000000e+01   1.0797211e+01   1.2561600e-03   2.4910097e-05   1.8603379e-04
   1.1635567e-01   3.1361427e-01   1.0232626e-01   1.5280150e-03   3.9000000e+01   1.0000000e+00   2.6377222e+00   1.3310782e-05   5.1195315e-07   1.5358594e-06
   2.0473273e-02   3.2661526e-01   1.4575670e-01   1.1909390e-03   6.6000000e+01   2.4000000e+01   5.6546356e+00   5.4122502e-05   5.5227043e-07   1.9329465e-05
   2.0144514e-01   5.4478894e-01   7.5354560e-02   2.9441200e-04   1.6000000e+01   1.0000000e+00   5.3188161e+00   6.9832927e-04   1.2514861e-05   1.2347997e-04
   1.3999632e-02   5.6085663e-01   3.1876818e-01   5.2507200e-04   7.5000000e+01   3.5000000e+01   4.2169225e+01   6.2453806e-04   4.5814632e-06   8.6172362e-05
   5.2410560e-02   1.8695902e-01   1.1307267e-01   8.6610700e-04   2.5000000e+01   1.0000000e+00   3.1010041e+02   1.6627289e-02   1.2108683e-03   2.0378027e-03
   1.3524486e-02   3.0347265e-01   1.4657003e-01   6.8400000e-05   5.8000000e+01   2.0000000e+00   6.8672785e-01   2.8528184e-05   3.2105674e-07   6.1459432e-06
   3.7630110e-02   6.1575627e-01   2.5623397e-01   9.8882300e-04   2.6000000e+01   1.0000000e+00   1.4324157e+00   2.5503876e-04   4.0336827e-06   8.8741020e-05
   3.6304944e-02   4.3546942e-01   2.8974065e-01   3.5695420e-03   1.6000000e+01   1.0000000e+00   4.5199924e+00   6.7913634e-04   4.2625623e-05   1.1015611e-04
   4.7184675e-02   4.1385191e-01   1.6637330e-01   1.8616170e-03   4.6000000e+01   1.3000000e+01   3.2434743e+00   7.4276092e-06   5.8393154e-07   7.2407511e-07
   5.3548400e-03   3.1478373e-01   2.1348268e-01   1.3922240e-03   5.8000000e+01   7.0000000e+00   5.9821106e+01   1.7200957e-05   1.7200957e-06   1.2040670e-05
   6.9051570e-03   6.6624216e-01   5.8878749e-01   3.8519500e-04   3.5000000e+01   3.0000000e+00   2.3184865e+00   3.4190458e-05   1.8131304e-06   1.2303385e-06
   3.0507549e-01   9.6960585e-01   3.2268046e-02   2.7846100e-04   2.8000000e+01   3.0000000e+00   5.1492051e+00   0.0000000e+00   0.0000000e+00   0.0000000e+00
   7.5866324e-02   6.3813160e-01   2.1732274e-01   1.3648320e-03   1.6000000e+01   2.0000000e+00   7.5338035e-02   4.2326397e-05   7.7557700e-07   3.8276161e-05
   1.1598616e-02   5.6872417e-01   5.0633122e-01   1.8536650e-03   1.3000000e+01   1.0000000e+00   5.6115072e-01   8.3370964e-05   3.4203473e-06   2.3856922e-05
   8.3233633e-02   7.8342255e-01   1.2516130e-01   1.1616060e-03   3.5000000e+01   1.2000000e+01   1.8830353e+01   1.3742482e-03   3.5862565e-05   4.6517055e-04
   3.8977610e-03   3.9792293e-01   2.8540745e-01   2.0102600e-03   8.1000000e+01   3.7000000e+01   1.2999038e+01   3.3546081e-05   9.6362171e-07   3.7340341e-06
   7.0721635e-02   5.3667404e-01   5.8821878e-02   5.6800000e-08   3.6000000e+01   1.0000000e+00   2.5422744e-01   1.7845205e-06   0.0000000e+00   1.1746211e-06
   1.0900995e-02   4.3123623e-01   3.6612288e-01   8.9928600e-04   6.6000000e+01   1.7000000e+01   8.6217401e+00   2.2228153e-04   5.6325138e-06   2.4850651e-05
   3.5926784e-01   3.1544340e-02   6.0677762e-02   1.5301570e-03   1.9000000e+01   1.0000000e+00   2.6720713e+00   1.8054536e-04   4.3330886e-06   1.1381579e-04
   5.5373740e-03   2.7770058e-01   2.3292002e-01   2.7123900e-04   7.8000000e+01   1.1000000e+01   1.3346431e+00   5.8634958e-05   2.3823243e-07   3.1416902e-05
   3.9759518e-02   5.4640217e-01   1.9950948e-01   4.7864160e-03   3.7000000e+01   1.6000000e+01   8.5974829e+01   5.0153811e-03   5.1564698e-04   2.3142406e-03
   1.3939398e-01   2.7128527e-01   5.1541393e-02   7.6726500e-04   2.3000000e+01   1.0000000e+00   1.2495807e+00   2.3944783e-04   1.2877553e-05   5.3843100e-05
   1.5775192e-02   5.2848061e-01   1.9991363e-01   3.7400000e-07   6.6000000e+01   4.1000000e+01   1.4169597e+02   2.7423180e-03   2.4546034e-06   1.9777090e-04
   7.8103186e-02   9.9919726e-01   6.2741654e-01   5.0179100e-04   9.0000000e+00   1.0000000e+00   3.6861908e-01   2.9977629e-04   3.8641448e-06   2.4994916e-04
   7.4732162e-02   3.1350158e-01   6.5945653e-02   4.7799550e-03   3.2000000e+01   4.0000000e+00   4.2057538e+00   2.7912121e-04   3.0706404e-05   5.4862108e-05
   1.5073383e-01   4.0301524e-01   3.6495204e-01   1.8624500e-04   1.4000000e+01   1.0000000e+00   1.6770612e+00   1.2922793e-04   2.3742665e-06   9.8362468e-06
   1.3082110e-01   2.8977183e-01   4.0331356e-02   1.2875924e-02   3.8000000e+01   1.0000000e+00   7.1606454e-01   3.4291293e-08   0.0000000e+00   3.4291293e-08
   1.4292060e-03   1.9768911e-01   9.7098103e-02   3.8842670e-03   8.8000000e+01   3.6000000e+01   1.6196523e+00   4.9046315e-05   2.2895064e-06   3.3553988e-05
   1.7515769e-02   4.0761130e-01   2.9836861e-01   4.5151280e-03   5.4000000e+01   1.4000000e+01   1.6363688e+01   1.1295693e-03   7.1845608e-05   8.8997134e-04
   5.8109729e-02   7.0028603e-01   1.9696021e-01   6.1074900e-04   3.0000000e+01   1.1000000e+01   9.3396381e+00   1.7432317e-03   2.3416876e-05   8.7581324e-04
   9.2983498e-02   8.3988838e-01   6.6162617e-02   5.6067770e-03   4.1000000e+01   1.9000000e+01   5.5222195e+01   3.3418524e-03   4.5373435e-04   1.1433495e-03
   4.8635880e-03   5.4536287e-01   3.6892334e-01   2.4301420e-03   8.1000000e+01   4.0000000e+01   1.8893164e+00   2.3263017e-05   7.3769533e-07   5.7054294e-06
   6.8480500e-04   4.3913298e-01   3.8758259e-01   1.9663970e-03   7.3000000e+01   2.2000000e+01   1.3122290e+00   3.6105236e-05   2.8969916e-06   5.1399430e-06
   4.8901040e-02   5.3350204e-01   1.6969768e-01   2.4428270e-03   5.1000000e+01   2.2000000e+01   5.5870516e+01   2.4291381e-03   3.2535638e-04   2.8697794e-05
   4.6957756e-01   4.0465255e-02   5.2161250e-02   4.7219100e-04   3.0000000e+01   1.0000000e+00   2.1654784e-01   4.4447991e-05   7.9194638e-07   3.4449668e-05
   1.4021123e-01   2.4922349e-01   1.7022371e-01   4.5388230e-03   5.6000000e+01   7.0000000e+00   1.0766887e+00   5.4308178e-06   1.6796344e-07   3.0233419e-06
   3.4030002e-02   6.8356805e-01   4.3775332e-01   7.8354470e-03   1.4000000e+01   1.0000000e+00   9.4062310e-02   3.2608268e-06   1.2541641e-07   1.1914559e-06
   1.7355960e-03   4.1667791e-01   2.9559674e-01   1.5712320e-03   8.3000000e+01   4.0000000e+01   5.6734664e+01   7.5796598e-04   1.0922308e-05   4.0681641e-04
   6.4154655e-02   9.2560705e-01   2.4658198e-01   2.2043530e-03   2.4000000e+01   1.0000000e+01   3.9437745e-02   6.0362091e-05   3.3218503e-06   5.6353405e-05
